%High Res

Intermediate_Pts_Highres = [
[ 
[0.0000 0.0000 0.0000]; 
[0.0028 0.0000 0.0000]; 
[0.0056 0.0000 0.0000]; 
[0.0083 0.0000 0.0000]; 
[0.0111 0.0000 0.0000]; 
[0.0139 0.0000 0.0000]; 
[0.0167 0.0000 0.0000]; 
[0.0194 0.0000 0.0000]; 
[0.0222 0.0000 0.0000]; 
[0.0250 0.0000 0.0000]; 
]; 
[ 
[0.0000 0.0000 0.0000]; 
[0.0222 0.0000 0.0000]; 
[0.0444 0.0000 0.0000]; 
[0.0667 0.0000 0.0000]; 
[0.0889 0.0000 0.0000]; 
[0.1111 0.0000 0.0000]; 
[0.1333 0.0000 0.0000]; 
[0.1556 0.0000 0.0000]; 
[0.1778 0.0000 0.0000]; 
[0.2000 0.0000 0.0000]; 
]; 
[ 
[0.0000 0.0000 0.0000]; 
[0.0226 -0.0000 0.0000]; 
[0.0452 -0.0000 0.0000]; 
[0.0678 -0.0000 0.0000]; 
[0.0903 0.0004 0.0488]; 
[0.1128 0.0023 0.1176]; 
[0.1352 0.0057 0.1864]; 
[0.1572 0.0106 0.2551]; 
[0.1789 0.0171 0.3239]; 
[0.2000 0.0250 0.3927]; 
]; 
[ 
[0.0000 0.0000 0.0000]; 
[0.0226 0.0000 0.0000]; 
[0.0452 0.0000 0.0000]; 
[0.0678 0.0000 0.0000]; 
[0.0903 -0.0004 -0.0488]; 
[0.1128 -0.0023 -0.1176]; 
[0.1352 -0.0057 -0.1864]; 
[0.1572 -0.0106 -0.2551]; 
[0.1789 -0.0171 -0.3239]; 
[0.2000 -0.0250 -0.3927]; 
]; 
[ 
[0.0000 0.0000 0.3927]; 
[0.0056 0.0028 0.3927]; 
[0.0111 0.0056 0.3927]; 
[0.0167 0.0083 0.3927]; 
[0.0222 0.0111 0.3927]; 
[0.0278 0.0139 0.3927]; 
[0.0333 0.0167 0.3927]; 
[0.0389 0.0194 0.3927]; 
[0.0444 0.0222 0.3927]; 
[0.0500 0.0250 0.3927]; 
]; 
[ 
[0.0000 0.0000 0.3927]; 
[0.0167 0.0083 0.3927]; 
[0.0333 0.0167 0.3927]; 
[0.0500 0.0250 0.3927]; 
[0.0667 0.0333 0.3927]; 
[0.0833 0.0417 0.3927]; 
[0.1000 0.0500 0.3927]; 
[0.1167 0.0583 0.3927]; 
[0.1333 0.0667 0.3927]; 
[0.1500 0.0750 0.3927]; 
]; 
[ 
[0.0000 0.0000 0.3927]; 
[0.0149 0.0092 0.4230]; 
[0.0296 0.0189 0.4533]; 
[0.0440 0.0291 0.4836]; 
[0.0582 0.0398 0.5139]; 
[0.0722 0.0509 0.5442]; 
[0.0858 0.0625 0.5745]; 
[0.0992 0.0746 0.6048]; 
[0.1123 0.0871 0.6351]; 
[0.1250 0.1000 0.6654]; 
]; 
[ 
[0.0000 0.0000 0.3927]; 
[0.0188 0.0078 0.3927]; 
[0.0377 0.0156 0.3927]; 
[0.0565 0.0234 0.3927]; 
[0.0754 0.0312 0.3736]; 
[0.0946 0.0379 0.2989]; 
[0.1143 0.0432 0.2242]; 
[0.1344 0.0470 0.1494]; 
[0.1546 0.0492 0.0747]; 
[0.1750 0.0500 -0.0000]; 
]; 
[ 
[0.0000 0.0000 0.7854]; 
[0.0028 0.0028 0.7854]; 
[0.0056 0.0056 0.7854]; 
[0.0083 0.0083 0.7854]; 
[0.0111 0.0111 0.7854]; 
[0.0139 0.0139 0.7854]; 
[0.0167 0.0167 0.7854]; 
[0.0194 0.0194 0.7854]; 
[0.0222 0.0222 0.7854]; 
[0.0250 0.0250 0.7854]; 
]; 
[ 
[0.0000 0.0000 0.7854]; 
[0.0167 0.0167 0.7854]; 
[0.0333 0.0333 0.7854]; 
[0.0500 0.0500 0.7854]; 
[0.0667 0.0667 0.7854]; 
[0.0833 0.0833 0.7854]; 
[0.1000 0.1000 0.7854]; 
[0.1167 0.1167 0.7854]; 
[0.1333 0.1333 0.7854]; 
[0.1500 0.1500 0.7854]; 
]; 
[ 
[0.0000 0.0000 0.7854]; 
[0.0170 0.0170 0.7854]; 
[0.0339 0.0342 0.8151]; 
[0.0500 0.0522 0.8669]; 
[0.0651 0.0709 0.9188]; 
[0.0792 0.0904 0.9707]; 
[0.0923 0.1107 1.0225]; 
[0.1043 0.1315 1.0744]; 
[0.1152 0.1530 1.1262]; 
[0.1250 0.1750 1.1781]; 
]; 
[ 
[0.0000 0.0000 0.7854]; 
[0.0170 0.0170 0.7854]; 
[0.0342 0.0339 0.7557]; 
[0.0522 0.0500 0.7039]; 
[0.0709 0.0651 0.6520]; 
[0.0904 0.0792 0.6001]; 
[0.1107 0.0923 0.5483]; 
[0.1315 0.1043 0.4964]; 
[0.1530 0.1152 0.4446]; 
[0.1750 0.1250 0.3927]; 
]; 
[ 
[0.0000 0.0000 1.1781]; 
[0.0028 0.0056 1.1781]; 
[0.0056 0.0111 1.1781]; 
[0.0083 0.0167 1.1781]; 
[0.0111 0.0222 1.1781]; 
[0.0139 0.0278 1.1781]; 
[0.0167 0.0333 1.1781]; 
[0.0194 0.0389 1.1781]; 
[0.0222 0.0444 1.1781]; 
[0.0250 0.0500 1.1781]; 
]; 
[ 
[0.0000 0.0000 1.1781]; 
[0.0083 0.0167 1.1781]; 
[0.0167 0.0333 1.1781]; 
[0.0250 0.0500 1.1781]; 
[0.0333 0.0667 1.1781]; 
[0.0417 0.0833 1.1781]; 
[0.0500 0.1000 1.1781]; 
[0.0583 0.1167 1.1781]; 
[0.0667 0.1333 1.1781]; 
[0.0750 0.1500 1.1781]; 
]; 
[ 
[0.0000 0.0000 1.1781]; 
[0.0092 0.0149 1.1478]; 
[0.0189 0.0296 1.1175]; 
[0.0291 0.0440 1.0872]; 
[0.0398 0.0582 1.0569]; 
[0.0509 0.0722 1.0266]; 
[0.0625 0.0858 0.9963]; 
[0.0746 0.0992 0.9660]; 
[0.0871 0.1123 0.9357]; 
[0.1000 0.1250 0.9054]; 
]; 
[ 
[0.0000 0.0000 1.1781]; 
[0.0078 0.0188 1.1781]; 
[0.0156 0.0377 1.1781]; 
[0.0234 0.0565 1.1781]; 
[0.0312 0.0754 1.1972]; 
[0.0379 0.0946 1.2719]; 
[0.0432 0.1143 1.3466]; 
[0.0470 0.1344 1.4214]; 
[0.0492 0.1546 1.4961]; 
[0.0500 0.1750 1.5708]; 
]; 
[ 
[0.0000 0.0000 1.5708]; 
[0.0000 0.0028 1.5708]; 
[0.0000 0.0056 1.5708]; 
[0.0000 0.0083 1.5708]; 
[0.0000 0.0111 1.5708]; 
[0.0000 0.0139 1.5708]; 
[0.0000 0.0167 1.5708]; 
[0.0000 0.0194 1.5708]; 
[0.0000 0.0222 1.5708]; 
[0.0000 0.0250 1.5708]; 
]; 
[ 
[0.0000 0.0000 1.5708]; 
[0.0000 0.0222 1.5708]; 
[0.0000 0.0444 1.5708]; 
[0.0000 0.0667 1.5708]; 
[0.0000 0.0889 1.5708]; 
[0.0000 0.1111 1.5708]; 
[0.0000 0.1333 1.5708]; 
[0.0000 0.1556 1.5708]; 
[0.0000 0.1778 1.5708]; 
[0.0000 0.2000 1.5708]; 
]; 
[ 
[0.0000 0.0000 1.5708]; 
[0.0000 0.0226 1.5708]; 
[0.0000 0.0452 1.5708]; 
[0.0000 0.0678 1.5708]; 
[-0.0004 0.0903 1.6196]; 
[-0.0023 0.1128 1.6884]; 
[-0.0057 0.1352 1.7572]; 
[-0.0106 0.1572 1.8259]; 
[-0.0171 0.1789 1.8947]; 
[-0.0250 0.2000 1.9635]; 
]; 
[ 
[0.0000 0.0000 1.5708]; 
[-0.0000 0.0226 1.5708]; 
[-0.0000 0.0452 1.5708]; 
[-0.0000 0.0678 1.5708]; 
[0.0004 0.0903 1.5220]; 
[0.0023 0.1128 1.4532]; 
[0.0057 0.1352 1.3844]; 
[0.0106 0.1572 1.3156]; 
[0.0171 0.1789 1.2469]; 
[0.0250 0.2000 1.1781]; 
]; 
[ 
[0.0000 0.0000 1.9635]; 
[-0.0028 0.0056 1.9635]; 
[-0.0056 0.0111 1.9635]; 
[-0.0083 0.0167 1.9635]; 
[-0.0111 0.0222 1.9635]; 
[-0.0139 0.0278 1.9635]; 
[-0.0167 0.0333 1.9635]; 
[-0.0194 0.0389 1.9635]; 
[-0.0222 0.0444 1.9635]; 
[-0.0250 0.0500 1.9635]; 
]; 
[ 
[0.0000 0.0000 1.9635]; 
[-0.0083 0.0167 1.9635]; 
[-0.0167 0.0333 1.9635]; 
[-0.0250 0.0500 1.9635]; 
[-0.0333 0.0667 1.9635]; 
[-0.0417 0.0833 1.9635]; 
[-0.0500 0.1000 1.9635]; 
[-0.0583 0.1167 1.9635]; 
[-0.0667 0.1333 1.9635]; 
[-0.0750 0.1500 1.9635]; 
]; 
[ 
[0.0000 0.0000 1.9635]; 
[-0.0092 0.0149 1.9938]; 
[-0.0189 0.0296 2.0241]; 
[-0.0291 0.0440 2.0544]; 
[-0.0398 0.0582 2.0847]; 
[-0.0509 0.0722 2.1150]; 
[-0.0625 0.0858 2.1453]; 
[-0.0746 0.0992 2.1756]; 
[-0.0871 0.1123 2.2059]; 
[-0.1000 0.1250 2.2362]; 
]; 
[ 
[0.0000 0.0000 1.9635]; 
[-0.0078 0.0188 1.9635]; 
[-0.0156 0.0377 1.9635]; 
[-0.0234 0.0565 1.9635]; 
[-0.0312 0.0754 1.9444]; 
[-0.0379 0.0946 1.8697]; 
[-0.0432 0.1143 1.7950]; 
[-0.0470 0.1344 1.7202]; 
[-0.0492 0.1546 1.6455]; 
[-0.0500 0.1750 1.5708]; 
]; 
[ 
[0.0000 0.0000 2.3562]; 
[-0.0028 0.0028 2.3562]; 
[-0.0056 0.0056 2.3562]; 
[-0.0083 0.0083 2.3562]; 
[-0.0111 0.0111 2.3562]; 
[-0.0139 0.0139 2.3562]; 
[-0.0167 0.0167 2.3562]; 
[-0.0194 0.0194 2.3562]; 
[-0.0222 0.0222 2.3562]; 
[-0.0250 0.0250 2.3562]; 
]; 
[ 
[0.0000 0.0000 2.3562]; 
[-0.0167 0.0167 2.3562]; 
[-0.0333 0.0333 2.3562]; 
[-0.0500 0.0500 2.3562]; 
[-0.0667 0.0667 2.3562]; 
[-0.0833 0.0833 2.3562]; 
[-0.1000 0.1000 2.3562]; 
[-0.1167 0.1167 2.3562]; 
[-0.1333 0.1333 2.3562]; 
[-0.1500 0.1500 2.3562]; 
]; 
[ 
[0.0000 0.0000 2.3562]; 
[-0.0170 0.0170 2.3562]; 
[-0.0342 0.0339 2.3859]; 
[-0.0522 0.0500 2.4377]; 
[-0.0709 0.0651 2.4896]; 
[-0.0904 0.0792 2.5415]; 
[-0.1107 0.0923 2.5933]; 
[-0.1315 0.1043 2.6452]; 
[-0.1530 0.1152 2.6970]; 
[-0.1750 0.1250 2.7489]; 
]; 
[ 
[0.0000 0.0000 2.3562]; 
[-0.0170 0.0170 2.3562]; 
[-0.0339 0.0342 2.3265]; 
[-0.0500 0.0522 2.2747]; 
[-0.0651 0.0709 2.2228]; 
[-0.0792 0.0904 2.1709]; 
[-0.0923 0.1107 2.1191]; 
[-0.1043 0.1315 2.0672]; 
[-0.1152 0.1530 2.0154]; 
[-0.1250 0.1750 1.9635]; 
]; 
[ 
[0.0000 0.0000 2.7489]; 
[-0.0056 0.0028 2.7489]; 
[-0.0111 0.0056 2.7489]; 
[-0.0167 0.0083 2.7489]; 
[-0.0222 0.0111 2.7489]; 
[-0.0278 0.0139 2.7489]; 
[-0.0333 0.0167 2.7489]; 
[-0.0389 0.0194 2.7489]; 
[-0.0444 0.0222 2.7489]; 
[-0.0500 0.0250 2.7489]; 
]; 
[ 
[0.0000 0.0000 2.7489]; 
[-0.0167 0.0083 2.7489]; 
[-0.0333 0.0167 2.7489]; 
[-0.0500 0.0250 2.7489]; 
[-0.0667 0.0333 2.7489]; 
[-0.0833 0.0417 2.7489]; 
[-0.1000 0.0500 2.7489]; 
[-0.1167 0.0583 2.7489]; 
[-0.1333 0.0667 2.7489]; 
[-0.1500 0.0750 2.7489]; 
]; 
[ 
[0.0000 0.0000 2.7489]; 
[-0.0149 0.0092 2.7186]; 
[-0.0296 0.0189 2.6883]; 
[-0.0440 0.0291 2.6580]; 
[-0.0582 0.0398 2.6277]; 
